6 61 1
4 46 1
2 71 1
3 93 1
0 11 1
7 11 1
5 67 1
9 41 1
9 99 1
7 55 1
3 61 1
5 49 1
4 77 1
0 87 1
8 55 1
5 62 1
6 89 1
3 4 1
8 93 1
0 87 1
6 57 1
9 10 1
6 98 1
7 18 1
5 25 1
0 9 1
5 42 1
2 61 1
6 21 1
9 76 1
3 45 1
9 86 1
3 70 1
0 19 1
6 55 1
4 45 1
8 67 1
3 41 1
2 58 1
8 26 1
8 70 1
2 92 1
0 37 1
0 82 1
0 95 1
4 91 1
8 9 1
0 77 1
7 87 1
7 36 1
7 84 1
5 86 1
9 8 1
1 39 1
3 96 1
4 65 1
1 33 1
8 63 1
3 83 1
0 18 1
4 79 1
7 78 1
8 26 1
3 18 1
5 38 1
2 81 1
2 49 1
7 9 1
6 26 1
3 25 1
9 5 1
8 78 1
1 14 1
5 75 1
1 85 1
4 38 1
4 59 1
6 84 1
7 19 1
9 42 1
1 42 1
8 35 1
1 3 1
9 92 1
1 31 1
5 90 1
6 9 1
6 3 1
3 17 1
9 89 1
3 65 1
0 27 1
1 41 1
6 76 1
4 15 1
1 63 1
7 15 1
8 74 1
0 25 1
1 39 1
8 6 1
2 54 1
2 99 1
2 86 1
0 65 1
2 10 1
3 26 1
1 81 1
2 59 1
4 19 1
1 36 1
3 52 1
1 86 1
4 34 1
3 50 1
7 98 1
8 90 1
6 66 1
4 74 1
9 26 1
6 70 1
6 74 1
1 74 1
0 59 1
4 38 1
4 44 1
3 16 1
2 22 1
2 85 1
0 50 1
8 22 1
1 75 1
2 90 1
6 70 1
2 22 1
1 89 1
7 4 1
1 63 1
1 2 1
6 23 1
6 36 1
3 53 1
4 46 1
0 38 1
1 31 1
5 64 1
3 32 1
0 21 1
7 19 1
8 29 1
0 60 1
2 34 1
0 39 1
6 51 1
9 67 1
3 92 1
3 44 1
9 33 1
0 64 1
5 27 1
3 97 1
5 43 1
5 24 1
6 37 1
6 60 1
2 88 1
4 99 1
2 36 1
8 64 1
3 84 1
8 36 1
1 67 1
9 52 1
1 0 1
7 39 1
3 42 1
0 24 1
0 3 1
6 8 1
9 68 1
4 7 1
7 36 1
5 81 1
5 63 1
2 1 1
3 74 1
0 28 1
1 10 1
1 51 1
3 42 1
5 39 1
2 65 1
4 59 1
1 4 1
0 80 1
1 72 1
7 59 1
7 50 1
3 21 1
7 5 1
8 28 1
8 29 1
9 80 1
7 61 1
2 35 1
2 81 1
3 49 1
6 44 1
3 29 1
1 35 1
3 86 1
2 59 1
4 96 1
2 71 1
5 54 1
8 16 1
7 6 1
2 63 1
4 39 1
2 40 1
2 92 1
7 1 1
3 52 1
1 54 1
2 51 1
2 74 1
9 75 1
8 87 1
2 87 1
1 53 1
9 37 1
5 72 1
0 53 1
0 68 1
7 94 1
8 52 1
3 95 1
1 84 1
6 98 1
3 83 1
9 72 1
1 68 1
7 88 1
1 9 1
9 38 1
6 2 1
3 4 1
4 8 1
7 83 1
1 44 1
7 11 1
8 9 1
0 9 1
1 53 1
3 39 1
7 45 1
5 43 1
0 5 1
7 48 1
7 87 1
2 59 1
7 56 1
5 15 1
6 51 1
4 50 1
5 53 1
4 95 1
2 18 1
9 0 1
1 2 1
1 67 1
3 47 1
6 62 1
