<policy.SLUCB.SLUCB object at 0x000000000AB44E10>
0.0 0.0 0.0 0.0 1.0 1.0 1.0 1.0 1.0 2.0 2.0 2.0 2.0 2.0 2.0 3.0 3.0 3.0 3.0 3.0 4.0 4.0 4.0 4.0 4.0 4.0 4.0 4.0 4.0 4.0 4.0 4.0 4.0 4.0 4.0 4.0 4.0 4.0 4.0 4.0 5.0 5.0 5.0 5.0 5.0 5.0 5.0 5.0 5.0 6.0 6.0 6.0 6.0 7.0 7.0 7.0 7.0 7.0 7.0 8.0 9.0 9.0 9.0 9.0 9.0 9.0 9.0 9.0 9.0 9.0 9.0 10.0 10.0 10.0 10.0 10.0 10.0 10.0 10.0 11.0 11.0 11.0 11.0 11.0 11.0 11.0 11.0 11.0 12.0 12.0 12.0 12.0 12.0 12.0 12.0 13.0 13.0 13.0 13.0 13.0
0.0 0.0 0.0 0.0 0.0 0.0 0.0 0.0 0.0 1.0 1.0 2.0 2.0 2.0 3.0 3.0 3.0 3.0 3.0 3.0 4.0 5.0 5.0 5.0 5.0 5.0 6.0 7.0 7.0 7.0 7.0 7.0 7.0 7.0 8.0 8.0 8.0 8.0 8.0 8.0 8.0 8.0 9.0 10.0 10.0 10.0 10.0 10.0 10.0 10.0 10.0 10.0 11.0 12.0 12.0 12.0 12.0 12.0 13.0 13.0 13.0 14.0 14.0 14.0 15.0 16.0 16.0 16.0 16.0 16.0 16.0 16.0 16.0 17.0 17.0 17.0 17.0 17.0 17.0 18.0 18.0 18.0 18.0 18.0 18.0 18.0 18.0 19.0 19.0 20.0 21.0 21.0 21.0 21.0 22.0 22.0 22.0 22.0 22.0 22.0
1.0 1.0 1.0 1.0 1.0 1.0 1.0 2.0 2.0 2.0 2.0 2.0 2.0 2.0 2.0 2.0 2.0 2.0 3.0 4.0 5.0 5.0 5.0 6.0 6.0 6.0 7.0 7.0 8.0 8.0 8.0 8.0 8.0 8.0 9.0 9.0 9.0 9.0 9.0 9.0 9.0 9.0 10.0 10.0 11.0 11.0 11.0 11.0 11.0 12.0 12.0 12.0 12.0 13.0 14.0 15.0 15.0 15.0 15.0 15.0 15.0 16.0 16.0 16.0 17.0 17.0 17.0 17.0 17.0 17.0 17.0 17.0 17.0 18.0 18.0 18.0 18.0 18.0 18.0 18.0 19.0 19.0 19.0 19.0 19.0 20.0 20.0 21.0 21.0 21.0 21.0 21.0 21.0 22.0 22.0 23.0 23.0 24.0 24.0 24.0
0.471404520791 0.471404520791 0.471404520791 0.471404520791 0.471404520791 0.471404520791 0.471404520791 0.816496580928 0.816496580928 0.471404520791 0.471404520791 0.0 0.0 0.0 0.471404520791 0.471404520791 0.471404520791 0.471404520791 0.0 0.471404520791 0.471404520791 0.471404520791 0.471404520791 0.816496580928 0.816496580928 0.816496580928 1.24721912892 1.41421356237 1.6996731712 1.6996731712 1.6996731712 1.6996731712 1.6996731712 1.6996731712 2.16024689947 2.16024689947 2.16024689947 2.16024689947 2.16024689947 2.16024689947 1.6996731712 1.6996731712 2.16024689947 2.35702260396 2.62466929134 2.62466929134 2.62466929134 2.62466929134 2.62466929134 2.49443825785 2.49443825785 2.49443825785 2.62466929134 2.62466929134 2.94392028878 3.29983164554 3.29983164554 3.29983164554 3.3993463424 2.94392028878 2.49443825785 2.94392028878 2.94392028878 2.94392028878 3.3993463424 3.55902608401 3.55902608401 3.55902608401 3.55902608401 3.55902608401 3.55902608401 3.09120616517 3.09120616517 3.55902608401 3.55902608401 3.55902608401 3.55902608401 3.55902608401 3.55902608401 3.29983164554 3.55902608401 3.55902608401 3.55902608401 3.55902608401 3.55902608401 3.85861230093 3.85861230093 4.32049379894 3.85861230093 4.0276819912 4.24264068712 4.24264068712 4.24264068712 4.49691252108 4.71404520791 4.49691252108 4.49691252108 4.7842333648 4.7842333648 4.7842333648
<policy.BallExplore.BallExplore object at 0x000000000AEDB320>
0.0 0.0 0.0 0.0 0.0 0.0 0.0 1.0 1.0 1.0 1.0 1.0 1.0 1.0 1.0 1.0 2.0 2.0 2.0 2.0 2.0 2.0 2.0 2.0 2.0 2.0 2.0 2.0 2.0 2.0 3.0 3.0 3.0 3.0 3.0 3.0 4.0 4.0 4.0 4.0 4.0 5.0 6.0 6.0 6.0 6.0 6.0 6.0 6.0 6.0 6.0 6.0 6.0 6.0 6.0 6.0 6.0 7.0 7.0 8.0 8.0 9.0 10.0 11.0 11.0 11.0 11.0 11.0 11.0 11.0 11.0 12.0 12.0 12.0 12.0 12.0 12.0 13.0 13.0 14.0 14.0 14.0 14.0 15.0 15.0 16.0 16.0 16.0 16.0 17.0 17.0 17.0 17.0 17.0 18.0 18.0 18.0 18.0 19.0 19.0
0.0 0.0 1.0 2.0 2.0 2.0 3.0 3.0 3.0 4.0 5.0 5.0 5.0 5.0 5.0 5.0 6.0 6.0 6.0 6.0 7.0 7.0 7.0 7.0 8.0 8.0 8.0 8.0 8.0 8.0 9.0 10.0 11.0 11.0 11.0 11.0 12.0 12.0 12.0 12.0 12.0 13.0 14.0 14.0 14.0 14.0 14.0 15.0 15.0 15.0 15.0 15.0 15.0 15.0 15.0 15.0 15.0 16.0 16.0 16.0 16.0 16.0 16.0 16.0 16.0 16.0 16.0 16.0 17.0 17.0 17.0 17.0 17.0 18.0 18.0 18.0 18.0 18.0 18.0 18.0 18.0 19.0 20.0 20.0 21.0 21.0 22.0 23.0 24.0 24.0 24.0 25.0 26.0 26.0 26.0 27.0 27.0 27.0 27.0 27.0
0.0 0.0 0.0 0.0 0.0 0.0 0.0 1.0 1.0 1.0 1.0 1.0 1.0 1.0 1.0 1.0 1.0 1.0 1.0 1.0 1.0 1.0 1.0 1.0 1.0 1.0 1.0 1.0 1.0 2.0 2.0 2.0 2.0 2.0 2.0 3.0 3.0 3.0 3.0 3.0 3.0 3.0 3.0 3.0 4.0 4.0 5.0 5.0 5.0 5.0 6.0 6.0 7.0 7.0 7.0 7.0 7.0 7.0 7.0 7.0 7.0 7.0 7.0 7.0 8.0 8.0 8.0 9.0 9.0 9.0 9.0 9.0 9.0 9.0 10.0 11.0 11.0 11.0 11.0 12.0 13.0 13.0 13.0 14.0 14.0 14.0 14.0 14.0 15.0 15.0 16.0 16.0 16.0 16.0 17.0 17.0 17.0 17.0 17.0 17.0
0.0 0.0 0.471404520791 0.942809041582 0.942809041582 0.942809041582 1.41421356237 0.942809041582 0.942809041582 1.41421356237 1.88561808316 1.88561808316 1.88561808316 1.88561808316 1.88561808316 1.88561808316 2.16024689947 2.16024689947 2.16024689947 2.16024689947 2.62466929134 2.62466929134 2.62466929134 2.62466929134 3.09120616517 3.09120616517 3.09120616517 3.09120616517 3.09120616517 2.82842712475 3.09120616517 3.55902608401 4.0276819912 4.0276819912 4.0276819912 3.77123616633 4.0276819912 4.0276819912 4.0276819912 4.0276819912 4.0276819912 4.32049379894 4.64279609239 4.64279609239 4.32049379894 4.32049379894 4.0276819912 4.49691252108 4.49691252108 4.49691252108 4.24264068712 4.24264068712 4.0276819912 4.0276819912 4.0276819912 4.0276819912 4.0276819912 4.24264068712 4.24264068712 4.0276819912 4.0276819912 3.85861230093 3.74165738677 3.68178700573 3.29983164554 3.29983164554 3.29983164554 2.94392028878 3.3993463424 3.3993463424 3.3993463424 3.29983164554 3.29983164554 3.74165738677 3.3993463424 3.09120616517 3.09120616517 2.94392028878 2.94392028878 2.49443825785 2.16024689947 2.62466929134 3.09120616517 2.62466929134 3.09120616517 2.94392028878 3.3993463424 3.85861230093 4.0276819912 3.85861230093 3.55902608401 4.0276819912 4.49691252108 4.49691252108 4.0276819912 4.49691252108 4.49691252108 4.49691252108 4.32049379894 4.32049379894
<policy.CBRAPSG.CBRAPSG object at 0x000000000AEDB128>
0.0 0.0 1.0 2.0 2.0 2.0 2.0 3.0 3.0 3.0 3.0 3.0 4.0 5.0 6.0 7.0 8.0 9.0 10.0 11.0 12.0 13.0 14.0 15.0 16.0 17.0 18.0 19.0 20.0 21.0 22.0 23.0 24.0 25.0 26.0 27.0 28.0 29.0 30.0 31.0 32.0 33.0 34.0 35.0 36.0 37.0 38.0 39.0 40.0 41.0 42.0 43.0 44.0 45.0 46.0 47.0 48.0 49.0 50.0 51.0 52.0 53.0 54.0 55.0 56.0 57.0 58.0 59.0 60.0 61.0 62.0 63.0 64.0 65.0 66.0 67.0 68.0 69.0 70.0 71.0 72.0 73.0 74.0 75.0 76.0 77.0 78.0 79.0 80.0 81.0 82.0 83.0 84.0 85.0 86.0 87.0 88.0 89.0 90.0 91.0
0.0 0.0 0.0 1.0 1.0 2.0 2.0 2.0 2.0 2.0 2.0 3.0 4.0 5.0 6.0 7.0 8.0 9.0 10.0 11.0 12.0 13.0 14.0 15.0 16.0 17.0 18.0 19.0 20.0 21.0 22.0 23.0 24.0 25.0 26.0 27.0 28.0 29.0 30.0 31.0 32.0 33.0 34.0 35.0 36.0 37.0 38.0 39.0 40.0 41.0 42.0 43.0 44.0 45.0 46.0 47.0 48.0 49.0 50.0 51.0 52.0 53.0 54.0 55.0 56.0 57.0 58.0 59.0 60.0 61.0 62.0 63.0 64.0 65.0 66.0 67.0 68.0 69.0 70.0 71.0 72.0 73.0 74.0 75.0 76.0 77.0 78.0 79.0 80.0 81.0 82.0 83.0 84.0 85.0 86.0 87.0 88.0 89.0 90.0 91.0
0.0 0.0 1.0 1.0 1.0 1.0 1.0 2.0 2.0 3.0 3.0 4.0 4.0 5.0 6.0 7.0 8.0 9.0 10.0 11.0 12.0 13.0 14.0 15.0 16.0 17.0 18.0 19.0 20.0 21.0 22.0 23.0 24.0 25.0 26.0 27.0 28.0 29.0 30.0 31.0 32.0 33.0 34.0 35.0 36.0 37.0 38.0 39.0 40.0 41.0 42.0 43.0 44.0 45.0 46.0 47.0 48.0 49.0 50.0 51.0 52.0 53.0 54.0 55.0 56.0 57.0 58.0 59.0 60.0 61.0 62.0 63.0 64.0 65.0 66.0 67.0 68.0 69.0 70.0 71.0 72.0 73.0 74.0 75.0 76.0 77.0 78.0 79.0 80.0 81.0 82.0 83.0 84.0 85.0 86.0 87.0 88.0 89.0 90.0 91.0
0.0 0.0 0.471404520791 0.471404520791 0.471404520791 0.471404520791 0.471404520791 0.471404520791 0.471404520791 0.471404520791 0.471404520791 0.471404520791 0.0 0.0 0.0 0.0 0.0 0.0 0.0 0.0 0.0 0.0 0.0 0.0 0.0 0.0 0.0 0.0 0.0 0.0 0.0 0.0 0.0 0.0 0.0 0.0 0.0 0.0 0.0 0.0 0.0 0.0 0.0 0.0 0.0 0.0 0.0 0.0 0.0 0.0 0.0 0.0 0.0 0.0 0.0 0.0 0.0 0.0 0.0 0.0 0.0 0.0 0.0 0.0 0.0 0.0 0.0 0.0 0.0 0.0 0.0 0.0 0.0 0.0 0.0 0.0 0.0 0.0 0.0 0.0 0.0 0.0 0.0 0.0 0.0 0.0 0.0 0.0 0.0 0.0 0.0 0.0 0.0 0.0 0.0 0.0 0.0 0.0 0.0 0.0
<policy.CBRAPRS.CBRAPRS object at 0x000000000AEDB2E8>
0.0 0.0 0.0 1.0 2.0 2.0 3.0 3.0 3.0 3.0 3.0 4.0 5.0 6.0 7.0 8.0 9.0 10.0 11.0 12.0 13.0 14.0 15.0 16.0 17.0 18.0 19.0 20.0 21.0 22.0 23.0 24.0 25.0 26.0 27.0 28.0 29.0 30.0 31.0 32.0 33.0 34.0 35.0 36.0 37.0 38.0 39.0 40.0 41.0 42.0 43.0 44.0 45.0 46.0 47.0 48.0 49.0 50.0 51.0 52.0 53.0 54.0 55.0 56.0 57.0 58.0 59.0 60.0 61.0 62.0 63.0 64.0 65.0 66.0 67.0 68.0 69.0 70.0 71.0 72.0 73.0 74.0 75.0 76.0 77.0 78.0 79.0 80.0 81.0 82.0 83.0 84.0 85.0 86.0 87.0 88.0 89.0 90.0 91.0 92.0
0.0 0.0 1.0 1.0 1.0 1.0 1.0 1.0 1.0 1.0 1.0 2.0 3.0 4.0 5.0 6.0 7.0 8.0 9.0 10.0 11.0 12.0 13.0 14.0 15.0 16.0 17.0 18.0 19.0 20.0 21.0 22.0 23.0 24.0 25.0 26.0 27.0 28.0 29.0 30.0 31.0 32.0 33.0 34.0 35.0 36.0 37.0 38.0 39.0 40.0 41.0 42.0 43.0 44.0 45.0 46.0 47.0 48.0 49.0 50.0 51.0 52.0 53.0 54.0 55.0 56.0 57.0 58.0 59.0 60.0 61.0 62.0 63.0 64.0 65.0 66.0 67.0 68.0 69.0 70.0 71.0 72.0 73.0 74.0 75.0 76.0 77.0 78.0 79.0 80.0 81.0 82.0 83.0 84.0 85.0 86.0 87.0 88.0 89.0 90.0
0.0 0.0 0.0 0.0 0.0 0.0 0.0 0.0 0.0 0.0 1.0 2.0 3.0 4.0 5.0 6.0 7.0 8.0 9.0 10.0 11.0 12.0 13.0 14.0 15.0 16.0 17.0 18.0 19.0 20.0 21.0 22.0 23.0 24.0 25.0 26.0 27.0 28.0 29.0 30.0 31.0 32.0 33.0 34.0 35.0 36.0 37.0 38.0 39.0 40.0 41.0 42.0 43.0 44.0 45.0 46.0 47.0 48.0 49.0 50.0 51.0 52.0 53.0 54.0 55.0 56.0 57.0 58.0 59.0 60.0 61.0 62.0 63.0 64.0 65.0 66.0 67.0 68.0 69.0 70.0 71.0 72.0 73.0 74.0 75.0 76.0 77.0 78.0 79.0 80.0 81.0 82.0 83.0 84.0 85.0 86.0 87.0 88.0 89.0 90.0
0.0 0.0 0.471404520791 0.471404520791 0.816496580928 0.816496580928 1.24721912892 1.24721912892 1.24721912892 1.24721912892 0.942809041582 0.942809041582 0.942809041582 0.942809041582 0.942809041582 0.942809041582 0.942809041582 0.942809041582 0.942809041582 0.942809041582 0.942809041582 0.942809041582 0.942809041582 0.942809041582 0.942809041582 0.942809041582 0.942809041582 0.942809041582 0.942809041582 0.942809041582 0.942809041582 0.942809041582 0.942809041582 0.942809041582 0.942809041582 0.942809041582 0.942809041582 0.942809041582 0.942809041582 0.942809041582 0.942809041582 0.942809041582 0.942809041582 0.942809041582 0.942809041582 0.942809041582 0.942809041582 0.942809041582 0.942809041582 0.942809041582 0.942809041582 0.942809041582 0.942809041582 0.942809041582 0.942809041582 0.942809041582 0.942809041582 0.942809041582 0.942809041582 0.942809041582 0.942809041582 0.942809041582 0.942809041582 0.942809041582 0.942809041582 0.942809041582 0.942809041582 0.942809041582 0.942809041582 0.942809041582 0.942809041582 0.942809041582 0.942809041582 0.942809041582 0.942809041582 0.942809041582 0.942809041582 0.942809041582 0.942809041582 0.942809041582 0.942809041582 0.942809041582 0.942809041582 0.942809041582 0.942809041582 0.942809041582 0.942809041582 0.942809041582 0.942809041582 0.942809041582 0.942809041582 0.942809041582 0.942809041582 0.942809041582 0.942809041582 0.942809041582 0.942809041582 0.942809041582 0.942809041582 0.942809041582
